11    56            #### loops  11 angles for \theta (Rb-CM_AlF-F) and 56 distnaces for R.   (^2X A' :  Rb(^2S)+AlF(X ^1\Sigma)  Bohr, degree, cm-1)       
        4.00000000       11.97760000        0.25146462876085E+06
        4.25000000       11.97760000        0.16199625673807E+06
        4.50000000       11.97760000        0.10265550297158E+06
        4.75000000       11.97760000        0.63767581195802E+05
        5.00000000       11.97760000        0.38034123764899E+05
        5.25000000       11.97760000        0.21846024020760E+05
        5.50000000       11.97760000        0.11989225249786E+05
        5.75000000       11.97760000        0.59490771260337E+04
        6.00000000       11.97760000        0.23347206347751E+04
        6.25000000       11.97760000        0.29404552503510E+03
        6.50000000       11.97760000       -0.77456986419600E+03
        6.75000000       11.97760000       -0.12674725724889E+04
        7.00000000       11.97760000       -0.14335226880543E+04
        7.25000000       11.97760000       -0.14238723885732E+04
        7.50000000       11.97760000       -0.13276415423034E+04
        7.75000000       11.97760000       -0.11956846157622E+04
        8.00000000       11.97760000       -0.10557124757334E+04
        8.25000000       11.97760000       -0.92193171501690E+03
        8.50000000       11.97760000       -0.80050298647680E+03
        8.75000000       11.97760000       -0.69357714148710E+03
        9.00000000       11.97760000       -0.60095665288080E+03
        9.25000000       11.97760000       -0.52131150440010E+03
        9.50000000       11.97760000       -0.45317121602400E+03
        9.75000000       11.97760000       -0.39488314378860E+03
       10.00000000       11.97760000       -0.34491974426910E+03
       10.25000000       11.97760000       -0.30197514341700E+03
       10.50000000       11.97760000       -0.26493660485820E+03
       10.75000000       11.97760000       -0.23291306159490E+03
       11.00000000       11.97760000       -0.20511659970540E+03
       11.25000000       11.97760000       -0.18091952174790E+03
       11.50000000       11.97760000       -0.15980386759560E+03
       11.75000000       11.97760000       -0.14133727222740E+03
       12.00000000       11.97760000       -0.12517735522050E+03
       12.50000000       11.97760000       -0.98458513764300E+02
       13.00000000       11.97760000       -0.77810340573900E+02
       13.50000000       11.97760000       -0.61771134613500E+02
       14.00000000       11.97760000       -0.49254496464600E+02
       14.50000000       11.97760000       -0.39470317459200E+02
       15.00000000       11.97760000       -0.31751394722100E+02
       16.00000000       11.97760000       -0.20885205790800E+02
       17.00000000       11.97760000       -0.14084184051295E+02
       18.00000000       11.97760000       -0.96971295949592E+01
       19.00000000       11.97760000       -0.68150893170747E+01
       20.00000000       11.97760000       -0.48548031333890E+01
       22.50000000       11.97760000       -0.22551988968788E+01
       25.00000000       11.97760000       -0.11463458498187E+01
       27.50000000       11.97760000       -0.63119400186785E+00
       30.00000000       11.97760000       -0.38129974042160E+00
       35.00000000       11.97760000       -0.12899400125875E+00
       40.00000000       11.97760000       -0.62301504055355E-01
       50.00000000       11.97760000       -0.17720367887088E-01
       60.00000000       11.97760000       -0.29738672559661E-02
       70.00000000       11.97760000       -0.18958305495248E-02
       80.00000000       11.97760000       -0.45542874523666E-02
       90.00000000       11.97760000       -0.14204444450537E-02
      100.00000000       11.97760000       -0.14095781200481E-02
        4.00000000       27.49360000        0.15293860021087E+06
        4.25000000       27.49360000        0.98658257625063E+05
        4.50000000       27.49360000        0.61368203335029E+05
        4.75000000       27.49360000        0.36597585495428E+05
        5.00000000       27.49360000        0.20778207519182E+05
        5.25000000       27.49360000        0.11046219580796E+05
        5.50000000       27.49360000        0.52638027097995E+04
        5.75000000       27.49360000        0.19372081849191E+04
        6.00000000       27.49360000        0.89071583839200E+02
        6.25000000       27.49360000       -0.87689113144830E+03
        6.50000000       27.49360000       -0.13206512753379E+04
        6.75000000       27.49360000       -0.14641130619837E+04
        7.00000000       27.49360000       -0.14438643326199E+04
        7.25000000       27.49360000       -0.13422585526614E+04
        7.50000000       27.49360000       -0.12072377602854E+04
        7.75000000       27.49360000       -0.10651652480475E+04
        8.00000000       27.49360000       -0.92971648014300E+03
        8.25000000       27.49360000       -0.80706527791380E+03
        8.50000000       27.49360000       -0.69909034419270E+03
        8.75000000       27.49360000       -0.60567096793320E+03
        9.00000000       27.49360000       -0.52552322254980E+03
        9.25000000       27.49360000       -0.45698129560080E+03
        9.50000000       27.49360000       -0.39836840091300E+03
        9.75000000       27.49360000       -0.34814602133010E+03
       10.00000000       27.49360000       -0.30504339874440E+03
       10.25000000       27.49360000       -0.26785342269090E+03
       10.50000000       27.49360000       -0.23568063667920E+03
       10.75000000       27.49360000       -0.20774371102650E+03
       11.00000000       27.49360000       -0.18335569014090E+03
       11.25000000       27.49360000       -0.16210615646430E+03
       11.50000000       27.49360000       -0.14350348682550E+03
       11.75000000       27.49360000       -0.12716799011460E+03
       12.00000000       27.49360000       -0.11277703862550E+03
       12.50000000       27.49360000       -0.89073778585500E+02
       13.00000000       27.49360000       -0.70585235754300E+02
       13.50000000       27.49360000       -0.56181115787400E+02
       14.00000000       27.49360000       -0.44882561835000E+02
       14.50000000       27.49360000       -0.36028955260800E+02
       15.00000000       27.49360000       -0.29086972713900E+02
       16.00000000       27.49360000       -0.19232149982757E+02
       17.00000000       27.49360000       -0.12988508603400E+02
       18.00000000       27.49360000       -0.89491642478847E+01
       19.00000000       27.49360000       -0.62823044032845E+01
       20.00000000       27.49360000       -0.44981773805169E+01
       22.50000000       27.49360000       -0.21292180669854E+01
       25.00000000       27.49360000       -0.10626536681716E+01
       27.50000000       27.49360000       -0.57378169924853E+00
       30.00000000       27.49360000       -0.34990063979134E+00
       35.00000000       27.49360000       -0.12463558209634E+00
       40.00000000       27.49360000       -0.62575407735171E-01
       50.00000000       27.49360000       -0.18031736127667E-01
       60.00000000       27.49360000       -0.62000927184806E-02
       70.00000000       27.49360000       -0.46272577408726E-02
       80.00000000       27.49360000       -0.78591846055879E-03
       90.00000000       27.49360000        0.89529282158417E-03
      100.00000000       27.49360000       -0.27574889082037E-02
        4.00000000       43.10090000        0.71873477211026E+05
        4.25000000       43.10090000        0.44380924036433E+05
        4.50000000       43.10090000        0.26011494476427E+05
        4.75000000       43.10090000        0.14275560507631E+05
        5.00000000       43.10090000        0.70326387375678E+04
        5.25000000       43.10090000        0.27651191631903E+04
        5.50000000       43.10090000        0.38525259702420E+03
        5.75000000       43.10090000       -0.84410162172630E+03
        6.00000000       43.10090000       -0.14033712633849E+04
        6.25000000       43.10090000       -0.15900607731555E+04
        6.50000000       43.10090000       -0.15796006122897E+04
        6.75000000       43.10090000       -0.14727274412112E+04
        7.00000000       43.10090000       -0.13258374608448E+04
        7.25000000       43.10090000       -0.11697449092425E+04
        7.50000000       43.10090000       -0.10202387912865E+04
        7.75000000       43.10090000       -0.88461224893170E+03
        8.00000000       43.10090000       -0.76533656651190E+03
        8.25000000       43.10090000       -0.66232175942880E+03
        8.50000000       43.10090000       -0.57416319005040E+03
        8.75000000       43.10090000       -0.49905677691810E+03
        9.00000000       43.10090000       -0.43509967498980E+03
        9.25000000       43.10090000       -0.38046366059760E+03
        9.50000000       43.10090000       -0.33363216404820E+03
        9.75000000       43.10090000       -0.29332784299500E+03
       10.00000000       43.10090000       -0.25844015581020E+03
       10.25000000       43.10090000       -0.22817021484060E+03
       10.50000000       43.10090000       -0.20177400109050E+03
       10.75000000       43.10090000       -0.17863698559590E+03
       11.00000000       43.10090000       -0.15834655605240E+03
       11.25000000       43.10090000       -0.14050326863340E+03
       11.50000000       43.10090000       -0.12477791139390E+03
       11.75000000       43.10090000       -0.11090492003160E+03
       12.00000000       43.10090000       -0.98684572633200E+02
       12.50000000       43.10090000       -0.78247095087600E+02
       13.00000000       43.10090000       -0.62302263218100E+02
       13.50000000       43.10090000       -0.49743924889500E+02
       14.00000000       43.10090000       -0.39874150778400E+02
       14.50000000       43.10090000       -0.32109796792890E+02
       15.00000000       43.10090000       -0.25979211953100E+02
       16.00000000       43.10090000       -0.17241882533082E+02
       17.00000000       43.10090000       -0.11695086799193E+02
       18.00000000       43.10090000       -0.80828572365732E+01
       19.00000000       43.10090000       -0.56905863813213E+01
       20.00000000       43.10090000       -0.41028020868180E+01
       22.50000000       43.10090000       -0.19456701873005E+01
       25.00000000       43.10090000       -0.99918246771093E+00
       27.50000000       43.10090000       -0.56920745290500E+00
       30.00000000       43.10090000       -0.34936693016509E+00
       35.00000000       43.10090000       -0.12662055147235E+00
       40.00000000       43.10090000       -0.57278018383793E-01
       50.00000000       43.10090000       -0.17924906807620E-01
       60.00000000       43.10090000       -0.84771428826291E-02
       70.00000000       43.10090000       -0.50876855124306E-02
       80.00000000       43.10090000       -0.25907887746266E-02
       90.00000000       43.10090000       -0.14032654217446E-03
      100.00000000       43.10090000       -0.13220112652459E-02
        4.00000000       58.72840000        0.31135371135870E+05
        4.25000000       58.72840000        0.18252429829500E+05
        4.50000000       58.72840000        0.98722541744190E+04
        4.75000000       58.72840000        0.46692020422035E+04
        5.00000000       58.72840000        0.15432665872932E+04
        5.25000000       58.72840000       -0.21877231118400E+03
        5.50000000       58.72840000       -0.11241007704414E+04
        5.75000000       58.72840000       -0.15139294135011E+04
        6.00000000       58.72840000       -0.16111391166207E+04
        6.25000000       58.72840000       -0.15547955896071E+04
        6.50000000       58.72840000       -0.14273422824735E+04
        6.75000000       58.72840000       -0.12748513095495E+04
        7.00000000       58.72840000       -0.11215219435389E+04
        7.25000000       58.72840000       -0.97893805541310E+03
        7.50000000       58.72840000       -0.85176567580590E+03
        7.75000000       58.72840000       -0.74092659816330E+03
        8.00000000       58.72840000       -0.64553633972640E+03
        8.25000000       58.72840000       -0.56383910345520E+03
        8.50000000       58.72840000       -0.49389034412790E+03
        8.75000000       58.72840000       -0.43393865419710E+03
        9.00000000       58.72840000       -0.38231602647480E+03
        9.25000000       58.72840000       -0.33761562858270E+03
        9.50000000       58.72840000       -0.29874008737080E+03
        9.75000000       58.72840000       -0.26479833584130E+03
       10.00000000       58.72840000       -0.23498929159470E+03
       10.25000000       58.72840000       -0.20874671008560E+03
       10.50000000       58.72840000       -0.18555702067980E+03
       10.75000000       58.72840000       -0.16500541632660E+03
       11.00000000       58.72840000       -0.14684608544040E+03
       11.25000000       58.72840000       -0.13069714216500E+03
       11.50000000       58.72840000       -0.11640714900570E+03
       11.75000000       58.72840000       -0.10368420470460E+03
       12.00000000       58.72840000       -0.92420766693000E+02
       12.50000000       58.72840000       -0.73513027318500E+02
       13.00000000       58.72840000       -0.58604115702600E+02
       13.50000000       58.72840000       -0.46846859773500E+02
       14.00000000       58.72840000       -0.37580640894900E+02
       14.50000000       58.72840000       -0.30256772491800E+02
       15.00000000       58.72840000       -0.24467031752400E+02
       16.00000000       58.72840000       -0.16250908752330E+02
       17.00000000       58.72840000       -0.10980307157442E+02
       18.00000000       58.72840000       -0.75986346621069E+01
       19.00000000       58.72840000       -0.53619360499520E+01
       20.00000000       58.72840000       -0.38812416138294E+01
       22.50000000       58.72840000       -0.18465009663998E+01
       25.00000000       58.72840000       -0.93426399447660E+00
       27.50000000       58.72840000       -0.52718993922698E+00
       30.00000000       58.72840000       -0.31378761477352E+00
       35.00000000       58.72840000       -0.10838168144391E+00
       40.00000000       58.72840000       -0.56737846107590E-01
       50.00000000       58.72840000       -0.13687651533714E-01
       60.00000000       58.72840000       -0.10332839155654E-01
       70.00000000       58.72840000       -0.31966331494650E-02
       80.00000000       58.72840000       -0.21815487637590E-02
       90.00000000       58.72840000       -0.27888777527845E-02
      100.00000000       58.72840000       -0.14380351654580E-02
        4.00000000       74.36290000        0.19992398359184E+05
        4.25000000       74.36290000        0.12375566440975E+05
        4.50000000       74.36290000        0.72578087342163E+04
        4.75000000       74.36290000        0.38967237712314E+04
        5.00000000       74.36290000        0.17491491534573E+04
        5.25000000       74.36290000        0.42472730397600E+03
        5.50000000       74.36290000       -0.35370531370800E+03
        5.75000000       74.36290000       -0.77913932599260E+03
        6.00000000       74.36290000       -0.98278764042330E+03
        6.25000000       74.36290000       -0.10519045909029E+04
        6.50000000       74.36290000       -0.10429895314323E+04
        6.75000000       74.36290000       -0.99191778503130E+03
        7.00000000       74.36290000       -0.92047879296630E+03
        7.25000000       74.36290000       -0.84166764807960E+03
        7.50000000       74.36290000       -0.76276432384830E+03
        7.75000000       74.36290000       -0.68749549948980E+03
        8.00000000       74.36290000       -0.61772012512020E+03
        8.25000000       74.36290000       -0.55393201865700E+03
        8.50000000       74.36290000       -0.49618604875770E+03
        8.75000000       74.36290000       -0.44408496634200E+03
        9.00000000       74.36290000       -0.39720299062770E+03
        9.25000000       74.36290000       -0.35510775659370E+03
        9.50000000       74.36290000       -0.31729008309840E+03
        9.75000000       74.36290000       -0.28334613682260E+03
       10.00000000       74.36290000       -0.25290281089530E+03
       10.25000000       74.36290000       -0.22560675116220E+03
       10.50000000       74.36290000       -0.20113971940980E+03
       10.75000000       74.36290000       -0.17924493032100E+03
       11.00000000       74.36290000       -0.15966340383240E+03
       11.25000000       74.36290000       -0.14219322328440E+03
       11.50000000       74.36290000       -0.12660832980810E+03
       11.75000000       74.36290000       -0.11272216996800E+03
       12.00000000       74.36290000       -0.10036794304530E+03
       12.50000000       74.36290000       -0.79605643047300E+02
       13.00000000       74.36290000       -0.63208693440000E+02
       13.50000000       74.36290000       -0.50336506390500E+02
       14.00000000       74.36290000       -0.40172636275200E+02
       14.50000000       74.36290000       -0.32214486191400E+02
       15.00000000       74.36290000       -0.25913369564100E+02
       16.00000000       74.36290000       -0.17026851079177E+02
       17.00000000       74.36290000       -0.11444008173632E+02
       18.00000000       74.36290000       -0.78588985643026E+01
       19.00000000       74.36290000       -0.55022178686837E+01
       20.00000000       74.36290000       -0.39563593299051E+01
       22.50000000       74.36290000       -0.18807484636469E+01
       25.00000000       74.36290000       -0.99398026933502E+00
       27.50000000       74.36290000       -0.53719857274173E+00
       30.00000000       74.36290000       -0.30833578814820E+00
       35.00000000       74.36290000       -0.12276340556114E+00
       40.00000000       74.36290000       -0.54236495505276E-01
       50.00000000       74.36290000       -0.15485073868670E-01
       60.00000000       74.36290000       -0.69978007174918E-02
       70.00000000       74.36290000       -0.51661700571204E-02
       80.00000000       74.36290000       -0.80237389357074E-03
       90.00000000       74.36290000       -0.15372543146422E-02
      100.00000000       74.36290000       -0.20898399771552E-02
        4.00000000       90.00000000        0.24463939354863E+05
        4.25000000       90.00000000        0.17285850390502E+05
        4.50000000       90.00000000        0.12007808166708E+05
        4.75000000       90.00000000        0.81359245341000E+04
        5.00000000       90.00000000        0.53152980422364E+04
        5.25000000       90.00000000        0.32906336067549E+04
        5.50000000       90.00000000        0.18605259439434E+04
        5.75000000       90.00000000        0.87110797494780E+03
        6.00000000       90.00000000        0.20432429629110E+03
        6.25000000       90.00000000       -0.22962313689120E+03
        6.50000000       90.00000000       -0.49819204687590E+03
        6.75000000       90.00000000       -0.65168601885900E+03
        7.00000000       90.00000000       -0.72679243199130E+03
        7.25000000       90.00000000       -0.74983726814130E+03
        7.50000000       90.00000000       -0.73954171324800E+03
        7.75000000       90.00000000       -0.70874283842010E+03
        8.00000000       90.00000000       -0.66629863972440E+03
        8.25000000       90.00000000       -0.61798349467620E+03
        8.50000000       90.00000000       -0.56760528810600E+03
        8.75000000       90.00000000       -0.51759579891420E+03
        9.00000000       90.00000000       -0.46941014389770E+03
        9.25000000       90.00000000       -0.42390207936720E+03
        9.50000000       90.00000000       -0.38148421762710E+03
        9.75000000       90.00000000       -0.34240237026300E+03
       10.00000000       90.00000000       -0.30662361608040E+03
       10.25000000       90.00000000       -0.27405577573470E+03
       10.50000000       90.00000000       -0.24461764361280E+03
       10.75000000       90.00000000       -0.21803926591980E+03
       11.00000000       90.00000000       -0.19414725769800E+03
       11.25000000       90.00000000       -0.17277701297490E+03
       11.50000000       90.00000000       -0.15362653465962E+03
       11.75000000       90.00000000       -0.13651541460630E+03
       12.00000000       90.00000000       -0.12131240698620E+03
       12.50000000       90.00000000       -0.95798481248700E+02
       13.00000000       90.00000000       -0.75674852424000E+02
       13.50000000       90.00000000       -0.59907795004800E+02
       14.00000000       90.00000000       -0.47546325419310E+02
       14.50000000       90.00000000       -0.37865957913900E+02
       15.00000000       90.00000000       -0.30309446403000E+02
       16.00000000       90.00000000       -0.19673992818226E+02
       17.00000000       90.00000000       -0.13041932086304E+02
       18.00000000       90.00000000       -0.89086648358329E+01
       19.00000000       90.00000000       -0.61738691873693E+01
       20.00000000       90.00000000       -0.43644788569443E+01
       22.50000000       90.00000000       -0.20547379686047E+01
       25.00000000       90.00000000       -0.10420283861851E+01
       27.50000000       90.00000000       -0.57040119517029E+00
       30.00000000       90.00000000       -0.33463990375931E+00
       35.00000000       90.00000000       -0.14155220373256E+00
       40.00000000       90.00000000       -0.56627785506459E-01
       50.00000000       90.00000000       -0.12327327431676E-01
       60.00000000       90.00000000       -0.41273070218390E-02
       70.00000000       90.00000000       -0.31270063374725E-02
       80.00000000       90.00000000       -0.27958017603592E-03
       90.00000000       90.00000000       -0.30518028726588E-02
      100.00000000       90.00000000       -0.15125399766820E-02
        4.00000000      105.63700000        0.38207065383846E+05
        4.25000000      105.63700000        0.28722629464876E+05
        4.50000000      105.63700000        0.21527006672324E+05
        4.75000000      105.63700000        0.15927903791288E+05
        5.00000000      105.63700000        0.11533598112652E+05
        5.25000000      105.63700000        0.81067256293248E+04
        5.50000000      105.63700000        0.54778146162588E+04
        5.75000000      105.63700000        0.35047245240810E+04
        6.00000000      105.63700000        0.20601359251821E+04
        6.25000000      105.63700000        0.10315812401649E+04
        6.50000000      105.63700000        0.32218656209370E+03
        6.75000000      105.63700000       -0.14832534444660E+03
        7.00000000      105.63700000       -0.44453049984090E+03
        7.25000000      105.63700000       -0.61678735794270E+03
        7.50000000      105.63700000       -0.70341618915000E+03
        7.75000000      105.63700000       -0.73277092091250E+03
        8.00000000      105.63700000       -0.72525610958130E+03
        8.25000000      105.63700000       -0.69520564324170E+03
        8.50000000      105.63700000       -0.65240370089910E+03
        8.75000000      105.63700000       -0.60337965279600E+03
        9.00000000      105.63700000       -0.55233204860430E+03
        9.25000000      105.63700000       -0.50186605218210E+03
        9.50000000      105.63700000       -0.45352895967090E+03
        9.75000000      105.63700000       -0.40820305908330E+03
       10.00000000      105.63700000       -0.36628121000700E+03
       10.25000000      105.63700000       -0.32787753924960E+03
       10.50000000      105.63700000       -0.29295912561660E+03
       10.75000000      105.63700000       -0.26138550534480E+03
       11.00000000      105.63700000       -0.23293281431160E+03
       11.25000000      105.63700000       -0.20735963042400E+03
       11.50000000      105.63700000       -0.18451451618730E+03
       11.75000000      105.63700000       -0.16408142813430E+03
       12.00000000      105.63700000       -0.14584089163500E+03
       12.50000000      105.63700000       -0.11519345430180E+03
       13.00000000      105.63700000       -0.90987597359100E+02
       13.50000000      105.63700000       -0.71987678640000E+02
       14.00000000      105.63700000       -0.57052430068500E+02
       14.50000000      105.63700000       -0.45361016528400E+02
       15.00000000      105.63700000       -0.36197950725900E+02
       16.00000000      105.63700000       -0.23374048095000E+02
       17.00000000      105.63700000       -0.15391252744101E+02
       18.00000000      105.63700000       -0.10372579185487E+02
       19.00000000      105.63700000       -0.71339756611046E+01
       20.00000000      105.63700000       -0.50526379160304E+01
       22.50000000      105.63700000       -0.22872442559204E+01
       25.00000000      105.63700000       -0.11558431798722E+01
       27.50000000      105.63700000       -0.64091177662919E+00
       30.00000000      105.63700000       -0.36171824904894E+00
       35.00000000      105.63700000       -0.13899810591452E+00
       40.00000000      105.63700000       -0.63304524403494E-01
       50.00000000      105.63700000       -0.19538619198435E-01
       60.00000000      105.63700000       -0.52163348026655E-02
       70.00000000      105.63700000       -0.31176121429371E-02
       80.00000000      105.63700000       -0.16710685474345E-02
       90.00000000      105.63700000       -0.11480128386444E-03
      100.00000000      105.63700000       -0.27546070307321E-02
        4.00000000      121.27200000        0.62147847452671E+05
        4.25000000      121.27200000        0.46935299270405E+05
        4.50000000      121.27200000        0.35772374055106E+05
        4.75000000      121.27200000        0.27184718058555E+05
        5.00000000      121.27200000        0.20380914543956E+05
        5.25000000      121.27200000        0.14944835223338E+05
        5.50000000      121.27200000        0.10641857327738E+05
        5.75000000      121.27200000        0.73051976963259E+04
        6.00000000      121.27200000        0.47836602564948E+04
        6.25000000      121.27200000        0.29302123693689E+04
        6.50000000      121.27200000        0.16074299953737E+04
        6.75000000      121.27200000        0.69367809981690E+03
        7.00000000      121.27200000        0.86393993353200E+02
        7.25000000      121.27200000       -0.29759662454850E+03
        7.50000000      121.27200000       -0.52361379326880E+03
        7.75000000      121.27200000       -0.64142338516020E+03
        8.00000000      121.27200000       -0.68776545328470E+03
        8.25000000      121.27200000       -0.68891550034590E+03
        8.50000000      121.27200000       -0.66302846773740E+03
        8.75000000      121.27200000       -0.62241688220220E+03
        9.00000000      121.27200000       -0.57486770361270E+03
        9.25000000      121.27200000       -0.52541348523480E+03
        9.50000000      121.27200000       -0.47678668621200E+03
        9.75000000      121.27200000       -0.43066189797120E+03
       10.00000000      121.27200000       -0.38780508697110E+03
       10.25000000      121.27200000       -0.34845767530470E+03
       10.50000000      121.27200000       -0.31264161043500E+03
       10.75000000      121.27200000       -0.28020984435990E+03
       11.00000000      121.27200000       -0.25094509719570E+03
       11.25000000      121.27200000       -0.22457960989380E+03
       11.50000000      121.27200000       -0.20085440239080E+03
       11.75000000      121.27200000       -0.17956097378820E+03
       12.00000000      121.27200000       -0.16047326521710E+03
       12.50000000      121.27200000       -0.12805466761980E+03
       13.00000000      121.27200000       -0.10211935059270E+03
       13.50000000      121.27200000       -0.81418503491100E+02
       14.00000000      121.27200000       -0.64999606420800E+02
       14.50000000      121.27200000       -0.51958423906200E+02
       15.00000000      121.27200000       -0.41629947818400E+02
       16.00000000      121.27200000       -0.26977821519600E+02
       17.00000000      121.27200000       -0.17763973589421E+02
       18.00000000      121.27200000       -0.11917275189098E+02
       19.00000000      121.27200000       -0.81904187898287E+01
       20.00000000      121.27200000       -0.57181687457092E+01
       22.50000000      121.27200000       -0.25458855602290E+01
       25.00000000      121.27200000       -0.12797470006309E+01
       27.50000000      121.27200000       -0.68589671460010E+00
       30.00000000      121.27200000       -0.39679448249888E+00
       35.00000000      121.27200000       -0.15081744836328E+00
       40.00000000      121.27200000       -0.69345614512358E-01
       50.00000000      121.27200000       -0.16832373336581E-01
       60.00000000      121.27200000       -0.37815058894033E-02
       70.00000000      121.27200000       -0.57207518304195E-02
       80.00000000      121.27200000       -0.17846721648273E-02
       90.00000000      121.27200000       -0.35428459724117E-02
      100.00000000      121.27200000       -0.22178779603136E-02
        4.00000000      136.89900000        0.99159236999740E+05
        4.25000000      136.89900000        0.72964955272464E+05
        4.50000000      136.89900000        0.54867105814366E+05
        4.75000000      136.89900000        0.41556998840881E+05
        5.00000000      136.89900000        0.31280665535676E+05
        5.25000000      136.89900000        0.23172585747884E+05
        5.50000000      136.89900000        0.16788009503034E+05
        5.75000000      136.89900000        0.11840050538521E+05
        6.00000000      136.89900000        0.80888757576669E+04
        6.25000000      136.89900000        0.53131318276383E+04
        6.50000000      136.89900000        0.33113476223343E+04
        6.75000000      136.89900000        0.19071555238332E+04
        7.00000000      136.89900000        0.95230700380890E+03
        7.25000000      136.89900000        0.32611515797070E+03
        7.50000000      136.89900000       -0.66647860892100E+02
        7.75000000      136.89900000       -0.29858864987610E+03
        8.00000000      136.89900000       -0.42340387195710E+03
        8.25000000      136.89900000       -0.47940940804050E+03
        8.50000000      136.89900000       -0.49313096190810E+03
        8.75000000      136.89900000       -0.48213747769140E+03
        9.00000000      136.89900000       -0.45783724665780E+03
        9.25000000      136.89900000       -0.42729076765440E+03
        9.50000000      136.89900000       -0.39464391644190E+03
        9.75000000      136.89900000       -0.36227579800950E+03
       10.00000000      136.89900000       -0.33134962789620E+03
       10.25000000      136.89900000       -0.30243165064740E+03
       10.50000000      136.89900000       -0.27567988799670E+03
       10.75000000      136.89900000       -0.25103288704770E+03
       11.00000000      136.89900000       -0.22845992135220E+03
       11.25000000      136.89900000       -0.20769103711530E+03
       11.50000000      136.89900000       -0.18869989738140E+03
       11.75000000      136.89900000       -0.17124727480380E+03
       12.00000000      136.89900000       -0.15526074275460E+03
       12.50000000      136.89900000       -0.12720969029430E+03
       13.00000000      136.89900000       -0.10384003169190E+03
       13.50000000      136.89900000       -0.84477979833300E+02
       14.00000000      136.89900000       -0.68566069158300E+02
       14.50000000      136.89900000       -0.55570976316000E+02
       15.00000000      136.89900000       -0.45009857120400E+02
       16.00000000      136.89900000       -0.29600543348100E+02
       17.00000000      136.89900000       -0.19633808462006E+02
       18.00000000      136.89900000       -0.13213484738108E+02
       19.00000000      136.89900000       -0.90489478177801E+01
       20.00000000      136.89900000       -0.63352862154429E+01
       22.50000000      136.89900000       -0.28967139565920E+01
       25.00000000      136.89900000       -0.13676686164198E+01
       27.50000000      136.89900000       -0.75416985535923E+00
       30.00000000      136.89900000       -0.42209279416512E+00
       35.00000000      136.89900000       -0.15867694482037E+00
       40.00000000      136.89900000       -0.68874395239085E-01
       50.00000000      136.89900000       -0.10083687166186E-01
       60.00000000      136.89900000       -0.64570045846522E-02
       70.00000000      136.89900000       -0.47516653107758E-02
       80.00000000      136.89900000       -0.33382820976145E-02
       90.00000000      136.89900000       -0.48640587955379E-02
      100.00000000      136.89900000       -0.32481826921355E-02
        4.00000000      152.50600000        0.14700029270493E+06
        4.25000000      152.50600000        0.10352807045282E+06
        4.50000000      152.50600000        0.75331822356295E+05
        4.75000000      152.50600000        0.55888082040409E+05
        5.00000000      152.50600000        0.41604688483233E+05
        5.25000000      152.50600000        0.30683622115448E+05
        5.50000000      152.50600000        0.22245059624548E+05
        5.75000000      152.50600000        0.15788592269896E+05
        6.00000000      152.50600000        0.10947493307983E+05
        6.25000000      152.50600000        0.74066498440434E+04
        6.50000000      152.50600000        0.48861285717492E+04
        6.75000000      152.50600000        0.31414391427735E+04
        7.00000000      152.50600000        0.19658605978656E+04
        7.25000000      152.50600000        0.11918240570205E+04
        7.50000000      152.50600000        0.69051766514490E+03
        7.75000000      152.50600000        0.36441348090570E+03
        8.00000000      152.50600000        0.15124435702560E+03
        8.25000000      152.50600000        0.12602688466930E+02
        8.50000000      152.50600000       -0.76173059834100E+02
        8.75000000      152.50600000       -0.13153992474420E+03
        9.00000000      152.50600000       -0.16465425691860E+03
        9.25000000      152.50600000       -0.18317352619800E+03
        9.50000000      152.50600000       -0.19207761193710E+03
        9.75000000      152.50600000       -0.19480348684170E+03
       10.00000000      152.50600000       -0.19341860192640E+03
       10.25000000      152.50600000       -0.18928808938980E+03
       10.50000000      152.50600000       -0.18339300082800E+03
       10.75000000      152.50600000       -0.17620081720290E+03
       11.00000000      152.50600000       -0.16812634556520E+03
       11.25000000      152.50600000       -0.15948782412840E+03
       11.50000000      152.50600000       -0.15046961158170E+03
       11.75000000      152.50600000       -0.14128020882360E+03
       12.00000000      152.50600000       -0.13199862672090E+03
       12.50000000      152.50600000       -0.11383710108840E+03
       13.00000000      152.50600000       -0.96819038278200E+02
       13.50000000      152.50600000       -0.81346076863200E+02
       14.00000000      152.50600000       -0.67764986758800E+02
       14.50000000      152.50600000       -0.56012120322300E+02
       15.00000000      152.50600000       -0.46124788240800E+02
       16.00000000      152.50600000       -0.30976649278200E+02
       17.00000000      152.50600000       -0.20809616248165E+02
       18.00000000      152.50600000       -0.14093574997605E+02
       19.00000000      152.50600000       -0.96358506760984E+01
       20.00000000      152.50600000       -0.67437459062111E+01
       22.50000000      152.50600000       -0.29782028017020E+01
       25.00000000      152.50600000       -0.14499880983829E+01
       27.50000000      152.50600000       -0.77176104982872E+00
       30.00000000      152.50600000       -0.45354272073020E+00
       35.00000000      152.50600000       -0.16306120119464E+00
       40.00000000      152.50600000       -0.70317545401259E-01
       50.00000000      152.50600000       -0.16951416353945E-01
       60.00000000      152.50600000       -0.48418395790510E-02
       70.00000000      152.50600000       -0.34640744646432E-02
       80.00000000      152.50600000       -0.18277507176303E-02
       90.00000000      152.50600000       -0.10829521239024E-02
      100.00000000      152.50600000       -0.93771016097465E-03
        4.00000000      168.02200000        0.19093917947332E+06
        4.25000000      168.02200000        0.13000982443996E+06
        4.50000000      168.02200000        0.91915378073006E+05
        4.75000000      168.02200000        0.66817982262052E+05
        5.00000000      168.02200000        0.49135438062064E+05
        5.25000000      168.02200000        0.35981458756122E+05
        5.50000000      168.02200000        0.25962338743546E+05
        5.75000000      168.02200000        0.18356961206276E+05
        6.00000000      168.02200000        0.12695834794802E+05
        6.25000000      168.02200000        0.86033484325962E+04
        6.50000000      168.02200000        0.57545589562110E+04
        6.75000000      168.02200000        0.38673339235281E+04
        7.00000000      168.02200000        0.26969327851419E+04
        7.25000000      168.02200000        0.20273990893713E+04
        7.50000000      168.02200000        0.16385097977280E+04
        7.75000000      168.02200000        0.13087996453179E+04
        8.00000000      168.02200000        0.98071360516980E+03
        8.25000000      168.02200000        0.69754085330490E+03
        8.50000000      168.02200000        0.47675815451010E+03
        8.75000000      168.02200000        0.31170225901860E+03
        9.00000000      168.02200000        0.19037668355460E+03
        9.25000000      168.02200000        0.10163211691410E+03
        9.50000000      168.02200000        0.36891490556700E+02
        9.75000000      168.02200000       -0.10337915976953E+02
       10.00000000      168.02200000       -0.44658697712400E+02
       10.25000000      168.02200000       -0.69338619855900E+02
       10.50000000      168.02200000       -0.86652973416600E+02
       10.75000000      168.02200000       -0.98315855254800E+02
       11.00000000      168.02200000       -0.10560680246340E+03
       11.25000000      168.02200000       -0.10944760848840E+03
       11.50000000      168.02200000       -0.11058229232550E+03
       11.75000000      168.02200000       -0.10961660395350E+03
       12.00000000      168.02200000       -0.10707728248440E+03
       12.50000000      168.02200000       -0.98763583500000E+02
       13.00000000      168.02200000       -0.88004937137400E+02
       13.50000000      168.02200000       -0.76554945690300E+02
       14.00000000      168.02200000       -0.65379297530700E+02
       14.50000000      168.02200000       -0.55099105861500E+02
       15.00000000      168.02200000       -0.46006271940600E+02
       16.00000000      168.02200000       -0.31494609405000E+02
       17.00000000      168.02200000       -0.21366211745089E+02
       18.00000000      168.02200000       -0.14533561845866E+02
       19.00000000      168.02200000       -0.99727672121422E+01
       20.00000000      168.02200000       -0.69452306616867E+01
       22.50000000      168.02200000       -0.30718659264856E+01
       25.00000000      168.02200000       -0.14983625301129E+01
       27.50000000      168.02200000       -0.77751906770510E+00
       30.00000000      168.02200000       -0.44073148617495E+00
       35.00000000      168.02200000       -0.16728403463698E+00
       40.00000000      168.02200000       -0.73943616789843E-01
       50.00000000      168.02200000       -0.19306664143600E-01
       60.00000000      168.02200000       -0.83608569933565E-02
       70.00000000      168.02200000       -0.33473269763287E-02
       80.00000000      168.02200000       -0.15905504561710E-02
       90.00000000      168.02200000       -0.41522209697805E-02
      100.00000000      168.02200000       -0.22067746070971E-02
